numbers: [-100, 1, 1, 2, 3, 4, 5, 6, 7, 8, 9, 10, 30, 1000]
count: 14
mean: 70.42857142857143
median: 5.5
mode: [1]
range: 1100
sum: 986
standard_deviation_population: 259.37334213878825
standard_deviation_sample: 269.1644376686759
variance_population: 67274.5306122449
variance_sample: 72449.4945054945
z_score: [-0.6570782102093464, -0.26767813089835907, -0.26767813089835907, -0.2638226845685473, -0.2599672382387356, -0.2561117919089238, -0.25225634557911203, -0.24840089924930028, -0.24454545291948854, -0.24069000658967676, -0.23683456025986502, -0.23297911393005327, -0.15587018733381813, 3.583912752583585]
quartiles: {'Q1': 2, 'Q2': 5, 'Q3': 9}
iqr: 7
outliers: {'lower_outliers': [-100], 'upper_outliers': [30, 1000]}
standard_error: 69.3204415389887
frequency_table: {-100: 1, 1: 2, 2: 1, 3: 1, 4: 1, 5: 1, 6: 1, 7: 1, 8: 1, 9: 1, 10: 1, 30: 1, 1000: 1}
